2023-02-21, 105.0, 85.0, 15.0, 13.84, 3462820914
2023-02-21, 185.0, 50.0, 14.0, 24.09, 3462820914
2023-02-21, 185.0, 50.0, 14.0, 24.09, 3462820914
2023-02-21, 185, 50, 15, 25.46, Unknown, 3462820914
2023-02-21, 185, 50, 15, 25.46, Unknown, 3462820914
2023-02-21, 185, 50, 15, 25.46, Unknown, 3462820914
2023-02-21, 185, 50, 15, 25.46, Unknown, 3462820914
2023-02-22, 185, 50, 15, 25.46, Unknown, 3462820914
2023-02-22, 185, 50, 15, 25.46, Unknown, 3462820914
2023-02-22, 185, 50, 15, 25.46, Unknown, 3462820914
2023-02-22, 185, 50, 14, 24.09, 69, 3462820914
